{
 "cells": [
  {
   "cell_type": "markdown",
   "metadata": {},
   "source": [
    "# What we do here\n",
    "\n",
    "- Load items dataframe\n",
    "- Embed items \n",
    "- Compute cosine similarity matrix per scale\n",
    "- Construct final data frame with the following columns\n",
    "    - Row =  scale name\n",
    "    - Col1 = cosine similarity matrix\n",
    "    - Col2 = scale id\n"
   ]
  },
  {
   "cell_type": "code",
   "execution_count": 1,
   "metadata": {},
   "outputs": [
    {
     "name": "stderr",
     "output_type": "stream",
     "text": [
      "/Users/damianodurso/.venvs/psico311/lib/python3.11/site-packages/tqdm/auto.py:21: TqdmWarning: IProgress not found. Please update jupyter and ipywidgets. See https://ipywidgets.readthedocs.io/en/stable/user_install.html\n",
      "  from .autonotebook import tqdm as notebook_tqdm\n"
     ]
    }
   ],
   "source": [
    "#source Jonas/bin/activate \n",
    "import pandas as pd\n",
    "import numpy as np\n",
    "from sentence_transformers import SentenceTransformer, util\n",
    "from openai import OpenAI\n",
    "import torch\n",
    "import json\n",
    "import os"
   ]
  },
  {
   "cell_type": "markdown",
   "metadata": {},
   "source": [
    "# 1 Load items"
   ]
  },
  {
   "cell_type": "code",
   "execution_count": 2,
   "metadata": {},
   "outputs": [
    {
     "data": {
      "text/html": [
       "<div>\n",
       "<style scoped>\n",
       "    .dataframe tbody tr th:only-of-type {\n",
       "        vertical-align: middle;\n",
       "    }\n",
       "\n",
       "    .dataframe tbody tr th {\n",
       "        vertical-align: top;\n",
       "    }\n",
       "\n",
       "    .dataframe thead th {\n",
       "        text-align: right;\n",
       "    }\n",
       "</style>\n",
       "<table border=\"1\" class=\"dataframe\">\n",
       "  <thead>\n",
       "    <tr style=\"text-align: right;\">\n",
       "      <th></th>\n",
       "      <th>item_id</th>\n",
       "      <th>scale_id</th>\n",
       "      <th>item_text</th>\n",
       "      <th>source_table</th>\n",
       "    </tr>\n",
       "  </thead>\n",
       "  <tbody>\n",
       "    <tr>\n",
       "      <th>0</th>\n",
       "      <td>1</td>\n",
       "      <td>360emergencymed_azami_2024</td>\n",
       "      <td>She/he performs the clinical examinations acco...</td>\n",
       "      <td>360emergencymed_azami_2024</td>\n",
       "    </tr>\n",
       "    <tr>\n",
       "      <th>1</th>\n",
       "      <td>2</td>\n",
       "      <td>360emergencymed_azami_2024</td>\n",
       "      <td>The student provides accurate and authoritativ...</td>\n",
       "      <td>360emergencymed_azami_2024</td>\n",
       "    </tr>\n",
       "    <tr>\n",
       "      <th>2</th>\n",
       "      <td>3</td>\n",
       "      <td>360emergencymed_azami_2024</td>\n",
       "      <td>Uses appropriate communication skills while ta...</td>\n",
       "      <td>360emergencymed_azami_2024</td>\n",
       "    </tr>\n",
       "    <tr>\n",
       "      <th>3</th>\n",
       "      <td>4</td>\n",
       "      <td>360emergencymed_azami_2024</td>\n",
       "      <td>She/he patiently, timely, and correctly perfor...</td>\n",
       "      <td>360emergencymed_azami_2024</td>\n",
       "    </tr>\n",
       "    <tr>\n",
       "      <th>4</th>\n",
       "      <td>5</td>\n",
       "      <td>360emergencymed_azami_2024</td>\n",
       "      <td>She/he knows the correct use of the medical eq...</td>\n",
       "      <td>360emergencymed_azami_2024</td>\n",
       "    </tr>\n",
       "  </tbody>\n",
       "</table>\n",
       "</div>"
      ],
      "text/plain": [
       "   item_id                    scale_id  \\\n",
       "0        1  360emergencymed_azami_2024   \n",
       "1        2  360emergencymed_azami_2024   \n",
       "2        3  360emergencymed_azami_2024   \n",
       "3        4  360emergencymed_azami_2024   \n",
       "4        5  360emergencymed_azami_2024   \n",
       "\n",
       "                                           item_text  \\\n",
       "0  She/he performs the clinical examinations acco...   \n",
       "1  The student provides accurate and authoritativ...   \n",
       "2  Uses appropriate communication skills while ta...   \n",
       "3  She/he patiently, timely, and correctly perfor...   \n",
       "4  She/he knows the correct use of the medical eq...   \n",
       "\n",
       "                 source_table  \n",
       "0  360emergencymed_azami_2024  \n",
       "1  360emergencymed_azami_2024  \n",
       "2  360emergencymed_azami_2024  \n",
       "3  360emergencymed_azami_2024  \n",
       "4  360emergencymed_azami_2024  "
      ]
     },
     "execution_count": 2,
     "metadata": {},
     "output_type": "execute_result"
    }
   ],
   "source": [
    "df = pd.read_csv('items.csv')\n",
    "df.head()"
   ]
  },
  {
   "cell_type": "code",
   "execution_count": 17,
   "metadata": {},
   "outputs": [],
   "source": [
    "#drop empty items\n",
    "df = df[~df['item_text'].isna()]"
   ]
  },
  {
   "cell_type": "code",
   "execution_count": 6,
   "metadata": {},
   "outputs": [],
   "source": [
    "# Initialize OpenAI client\n",
    "os.environ.get(\"OPENAI_API_KEY\")\n",
    "client = OpenAI()"
   ]
  },
  {
   "cell_type": "markdown",
   "metadata": {},
   "source": [
    "# 2 Compute Embeddings "
   ]
  },
  {
   "cell_type": "code",
   "execution_count": 33,
   "metadata": {},
   "outputs": [
    {
     "name": "stdout",
     "output_type": "stream",
     "text": [
      "Processing model: nli-distilroberta-base-v2\n"
     ]
    },
    {
     "name": "stderr",
     "output_type": "stream",
     "text": [
      "/Users/damianodurso/.venvs/psico311/lib/python3.11/site-packages/transformers/tokenization_utils_base.py:1601: FutureWarning: `clean_up_tokenization_spaces` was not set. It will be set to `True` by default. This behavior will be depracted in transformers v4.45, and will be then set to `False` by default. For more details check this issue: https://github.com/huggingface/transformers/issues/31884\n",
      "  warnings.warn(\n"
     ]
    },
    {
     "name": "stdout",
     "output_type": "stream",
     "text": [
      "Processing model: paraphrase-multilingual-mpnet-base-v2\n",
      "Processing model: paraphrase-multilingual-MiniLM-L12-v2\n"
     ]
    },
    {
     "name": "stderr",
     "output_type": "stream",
     "text": [
      "/Users/damianodurso/.venvs/psico311/lib/python3.11/site-packages/transformers/tokenization_utils_base.py:1601: FutureWarning: `clean_up_tokenization_spaces` was not set. It will be set to `True` by default. This behavior will be depracted in transformers v4.45, and will be then set to `False` by default. For more details check this issue: https://github.com/huggingface/transformers/issues/31884\n",
      "  warnings.warn(\n"
     ]
    },
    {
     "name": "stdout",
     "output_type": "stream",
     "text": [
      "Processing model: intfloat/multilingual-e5-base\n",
      "Processing model: LaBSE\n"
     ]
    },
    {
     "name": "stderr",
     "output_type": "stream",
     "text": [
      "/Users/damianodurso/.venvs/psico311/lib/python3.11/site-packages/transformers/tokenization_utils_base.py:1601: FutureWarning: `clean_up_tokenization_spaces` was not set. It will be set to `True` by default. This behavior will be depracted in transformers v4.45, and will be then set to `False` by default. For more details check this issue: https://github.com/huggingface/transformers/issues/31884\n",
      "  warnings.warn(\n"
     ]
    },
    {
     "name": "stdout",
     "output_type": "stream",
     "text": [
      "Processing model: openai:text-embedding-3-large\n",
      "Processing model: openai:text-embedding-3-small\n"
     ]
    }
   ],
   "source": [
    "# Example dataframe\n",
    "# df['item_text']\n",
    "\n",
    "# List of models (can mix SentenceTransformer and OpenAI models)\n",
    "models = [\n",
    "    'nli-distilroberta-base-v2',\n",
    "    'paraphrase-multilingual-mpnet-base-v2',\n",
    "    'paraphrase-multilingual-MiniLM-L12-v2',\n",
    "    'intfloat/multilingual-e5-base',\n",
    "    'LaBSE',\n",
    "    \n",
    "    # --- Add OpenAI embedding models here ---\n",
    "    'openai:text-embedding-3-large',\n",
    "    'openai:text-embedding-3-small'\n",
    "]\n",
    "\n",
    "# Helper function\n",
    "def get_openai_embedding(model_name, text):\n",
    "    \"\"\"Return embedding using OpenAI API.\"\"\"\n",
    "    response = client.embeddings.create(\n",
    "        model=model_name,\n",
    "        input=text\n",
    "    )\n",
    "    return response.data[0].embedding\n",
    "\n",
    "\n",
    "# Main loop\n",
    "for mod in models:\n",
    "    print(f\"Processing model: {mod}\")\n",
    "    item_embed = []\n",
    "\n",
    "    # Detect if this model is an OpenAI embedding model\n",
    "    if mod.startswith(\"openai:\"):\n",
    "        openai_model = mod.replace(\"openai:\", \"\")\n",
    "        \n",
    "        for text in df['item_text']:\n",
    "            emb = get_openai_embedding(openai_model, text)\n",
    "            item_embed.append(emb)\n",
    "\n",
    "    else:\n",
    "        # SentenceTransformer model\n",
    "        st_model = SentenceTransformer(mod)\n",
    "\n",
    "        for text in df['item_text']:\n",
    "            emb = st_model.encode(text)\n",
    "            item_embed.append(emb)\n",
    "\n",
    "    # Save embeddings to dataframe\n",
    "    df[f\"{mod}_embeddings\"] = item_embed"
   ]
  },
  {
   "cell_type": "markdown",
   "metadata": {},
   "source": [
    "# 3 construct final dataframe"
   ]
  },
  {
   "cell_type": "code",
   "execution_count": 55,
   "metadata": {},
   "outputs": [
    {
     "data": {
      "text/plain": [
       "'[[1.0, 0.36389562487602234, 0.5199487209320068, 0.6566143035888672, 0.6517947316169739, 0.6644923090934753, 0.42835789918899536, 0.7001331448554993, 0.3956119120121002, 0.4204137325286865, 0.4455580711364746, 0.30995866656303406, 0.4128008186817169, 0.576221227645874, 0.6197668313980103, 0.36974090337753296, 0.2510111629962921, 0.39887556433677673, 0.5285356640815735, 0.35519278049468994, 0.3754984438419342, 0.45184066891670227, 0.27808818221092224, 0.30845436453819275, 0.2945639193058014, 0.44207605719566345, 0.37067273259162903, 0.6508740782737732, 0.5258058309555054, 0.6042841672897339, 0.2767714858055115, 0.5116041898727417, 0.33767393231391907, 0.45223569869995117, 0.2719181180000305, 0.19645234942436218, 0.42564064264297485, 0.4422115683555603, 0.10344786196947098, 0.3690079152584076, 0.46122369170188904, 0.45821571350097656, 0.4590514302253723, 0.2870608866214752, 0.40879034996032715, 0.5095987915992737, 0.4956972897052765, 0.41163668036460876, 0.5154732465744019, 0.45929035544395447, 0.2316465973854065, 0.34178027510643005, 0.5064257383346558, 0.4844342768192291, 0.5261397361755371], [0.36389562487602234, 1.0, 0.44650670886039734, 0.23254090547561646, 0.43155303597450256, 0.42182520031929016, 0.46185874938964844, 0.39051663875579834, 0.22505994141101837, 0.19849544763565063, 0.31980517506599426, 0.28431642055511475, 0.21223069727420807, 0.26587700843811035, 0.4323088526725769, 0.23949839174747467, 0.3472829759120941, 0.34652653336524963, 0.40347543358802795, 0.23374612629413605, 0.3651912212371826, 0.29645055532455444, 0.17237354815006256, 0.2664027512073517, 0.2501988410949707, 0.16054047644138336, 0.30566737055778503, 0.4364556074142456, 0.2517164647579193, 0.5395591855049133, 0.11729899793863297, 0.38780477643013, 0.3849048614501953, 0.38122984766960144, 0.40154582262039185, 0.37308967113494873, 0.17961449921131134, 0.21341286599636078, 0.33838510513305664, 0.26261964440345764, 0.25232982635498047, 0.49340909719467163, 0.2804401218891144, 0.5228205323219299, 0.27744466066360474, 0.5352025628089905, 0.7165271043777466, 0.2870665192604065, 0.4687228202819824, 0.3746355473995209, 0.33934494853019714, 0.37585821747779846, 0.13408516347408295, 0.30900052189826965, 0.25553780794143677], [0.5199487209320068, 0.44650670886039734, 1.0, 0.5159927606582642, 0.5052204132080078, 0.6379730701446533, 0.6711336970329285, 0.6047690510749817, 0.48047924041748047, 0.5054669976234436, 0.5714214444160461, 0.3633212447166443, 0.419689416885376, 0.37905436754226685, 0.4889183044433594, 0.3642381727695465, 0.4763198494911194, 0.5265286564826965, 0.44293221831321716, 0.6272983551025391, 0.29455438256263733, 0.5138429999351501, 0.36295390129089355, 0.5452139377593994, 0.25003883242607117, 0.42205047607421875, 0.3949645161628723, 0.39076581597328186, 0.5102865695953369, 0.49674558639526367, 0.34319961071014404, 0.4059325158596039, 0.534592866897583, 0.6123578548431396, 0.5610138177871704, 0.49334412813186646, 0.4289408326148987, 0.4121631979942322, 0.2647888660430908, 0.6364821791648865, 0.6154968738555908, 0.5385749936103821, 0.4090382754802704, 0.5411314368247986, 0.5577352046966553, 0.4903382360935211, 0.4484657049179077, 0.6078158617019653, 0.6185694336891174, 0.6064969897270203, 0.4404348134994507, 0.5437362790107727, 0.5396232008934021, 0.5099130272865295, 0.6346911787986755], [0.6566143035888672, 0.23254090547561646, 0.5159927606582642, 1.0, 0.6411313414573669, 0.6731401085853577, 0.4266459047794342, 0.6315497756004333, 0.44446977972984314, 0.5018134713172913, 0.4869787395000458, 0.25251200795173645, 0.4480670690536499, 0.42286014556884766, 0.512911319732666, 0.372546911239624, 0.23718294501304626, 0.48999276757240295, 0.5529235005378723, 0.38716623187065125, 0.4945535957813263, 0.46309927105903625, 0.3008958101272583, 0.3481135666370392, 0.2921868562698364, 0.45176243782043457, 0.5049433708190918, 0.4580518305301666, 0.5004982948303223, 0.42610183358192444, 0.20100615918636322, 0.4853250980377197, 0.3042829930782318, 0.40319767594337463, 0.3041308522224426, 0.24142895638942719, 0.41387873888015747, 0.41964778304100037, 0.13648173213005066, 0.3617829382419586, 0.42801180481910706, 0.4525788128376007, 0.47938796877861023, 0.29392287135124207, 0.3753494918346405, 0.5550054311752319, 0.407280296087265, 0.48065099120140076, 0.536791205406189, 0.5146135687828064, 0.33009928464889526, 0.37621963024139404, 0.5155587792396545, 0.4225674569606781, 0.550949215888977], [0.6517947316169739, 0.43155303597450256, 0.5052204132080078, 0.6411313414573669, 1.0, 0.7104409337043762, 0.4453214704990387, 0.6889872550964355, 0.29242658615112305, 0.38618364930152893, 0.4145008623600006, 0.32123181223869324, 0.43824705481529236, 0.5690585374832153, 0.582412600517273, 0.5333834290504456, 0.23348210752010345, 0.36753392219543457, 0.7213994860649109, 0.3324371874332428, 0.5466465950012207, 0.4534825384616852, 0.19329692423343658, 0.30895987153053284, 0.3123297095298767, 0.3928821086883545, 0.45501628518104553, 0.5564548373222351, 0.5083160996437073, 0.5435373187065125, 0.1716160923242569, 0.5443090796470642, 0.2632167935371399, 0.32552769780158997, 0.33905163407325745, 0.22183217108249664, 0.41152268648147583, 0.37390273809432983, 0.0755864828824997, 0.29339808225631714, 0.37600353360176086, 0.4531351327896118, 0.46679964661598206, 0.33110469579696655, 0.3000420331954956, 0.554568350315094, 0.51181560754776, 0.3968813717365265, 0.5206406116485596, 0.4061766564846039, 0.2819957435131073, 0.25723931193351746, 0.39978036284446716, 0.44338342547416687, 0.40577706694602966], [0.6644923090934753, 0.42182520031929016, 0.6379730701446533, 0.6731401085853577, 0.7104409337043762, 1.0, 0.6394813060760498, 0.8628014922142029, 0.5467139482498169, 0.49554866552352905, 0.5356552004814148, 0.32865095138549805, 0.49779564142227173, 0.42730000615119934, 0.5014944672584534, 0.39999136328697205, 0.3121907114982605, 0.4968909025192261, 0.49568700790405273, 0.3901920020580292, 0.4439576268196106, 0.5224488377571106, 0.41241541504859924, 0.420911580324173, 0.33640846610069275, 0.5195879340171814, 0.5077826380729675, 0.5602779984474182, 0.6223224401473999, 0.5672049522399902, 0.24139901995658875, 0.575854480266571, 0.4062301516532898, 0.6193712949752808, 0.4089883863925934, 0.3869376480579376, 0.4711272716522217, 0.5014599561691284, 0.12475183606147766, 0.4537067115306854, 0.4941208064556122, 0.5578850507736206, 0.45704224705696106, 0.4363877475261688, 0.5508474111557007, 0.6172763705253601, 0.5792709589004517, 0.5342501997947693, 0.646431565284729, 0.632225751876831, 0.355037659406662, 0.43415766954421997, 0.5668566823005676, 0.5458788275718689, 0.6448834538459778], [0.42835789918899536, 0.46185874938964844, 0.6711336970329285, 0.4266459047794342, 0.4453214704990387, 0.6394813060760498, 1.0, 0.5760629773139954, 0.5290502309799194, 0.5919877886772156, 0.5958094596862793, 0.27391716837882996, 0.5437742471694946, 0.4079855978488922, 0.44792452454566956, 0.2926962971687317, 0.48470255732536316, 0.5284114480018616, 0.3395254611968994, 0.5067487955093384, 0.21544362604618073, 0.5422596335411072, 0.21019437909126282, 0.38906607031822205, 0.14875689148902893, 0.26806288957595825, 0.24824079871177673, 0.4663030803203583, 0.34304535388946533, 0.4159094989299774, 0.1702287197113037, 0.49815279245376587, 0.3074968457221985, 0.5920377969741821, 0.43746230006217957, 0.422044962644577, 0.5257555246353149, 0.44471275806427, 0.2718856632709503, 0.5240793824195862, 0.5079519748687744, 0.5989221930503845, 0.4239785075187683, 0.4692581295967102, 0.5534286499023438, 0.5150063633918762, 0.6110687255859375, 0.5724778175354004, 0.5887861847877502, 0.6394329071044922, 0.28793865442276, 0.5439528822898865, 0.45670533180236816, 0.47252508997917175, 0.5908506512641907], [0.7001331448554993, 0.39051663875579834, 0.6047690510749817, 0.6315497756004333, 0.6889872550964355, 0.8628014922142029, 0.5760629773139954, 1.0, 0.42746061086654663, 0.46080872416496277, 0.46047794818878174, 0.2488640546798706, 0.4063156545162201, 0.389607697725296, 0.4910212755203247, 0.3391176760196686, 0.3365354537963867, 0.4225633442401886, 0.47402235865592957, 0.37336182594299316, 0.44946908950805664, 0.3964363932609558, 0.31748834252357483, 0.4272962510585785, 0.3229149281978607, 0.4295464754104614, 0.5645447969436646, 0.5448673963546753, 0.5976008772850037, 0.5960454940795898, 0.21391600370407104, 0.4483901560306549, 0.3805113434791565, 0.515326976776123, 0.33510562777519226, 0.3319827616214752, 0.3752254843711853, 0.418594628572464, 0.15965397655963898, 0.3780699074268341, 0.4576657712459564, 0.45648670196533203, 0.39149394631385803, 0.3804595172405243, 0.4364544451236725, 0.5636900067329407, 0.47931164503097534, 0.5353546738624573, 0.622180163860321, 0.5620959401130676, 0.3226778209209442, 0.39182916283607483, 0.49992409348487854, 0.46266236901283264, 0.6041759252548218], [0.3956119120121002, 0.22505994141101837, 0.48047924041748047, 0.44446977972984314, 0.29242658615112305, 0.5467139482498169, 0.5290502309799194, 0.42746061086654663, 1.0, 0.6279000639915466, 0.6941839456558228, 0.3052259385585785, 0.6376372575759888, 0.30572956800460815, 0.4016251266002655, 0.2916886806488037, 0.44460657238960266, 0.44291430711746216, 0.32799527049064636, 0.4767409563064575, 0.20680180191993713, 0.4872337579727173, 0.46400386095046997, 0.36953386664390564, 0.2504902482032776, 0.33924755454063416, 0.2785446047782898, 0.359476774930954, 0.3971996009349823, 0.2894077003002167, 0.22113372385501862, 0.36396270990371704, 0.23401911556720734, 0.7039812803268433, 0.3774440586566925, 0.45282629132270813, 0.662895679473877, 0.38913291692733765, 0.2888471484184265, 0.4522484838962555, 0.44021618366241455, 0.5435590744018555, 0.4720701277256012, 0.3494579792022705, 0.4973784387111664, 0.35957595705986023, 0.39849355816841125, 0.44655242562294006, 0.49207672476768494, 0.6748270988464355, 0.34957394003868103, 0.6552281379699707, 0.5208281874656677, 0.3643115758895874, 0.5551837086677551], [0.4204137325286865, 0.19849544763565063, 0.5054669976234436, 0.5018134713172913, 0.38618364930152893, 0.49554866552352905, 0.5919877886772156, 0.46080872416496277, 0.6279000639915466, 1.0, 0.761605441570282, 0.2512317895889282, 0.7235461473464966, 0.43086597323417664, 0.5549484491348267, 0.3469833433628082, 0.6795652508735657, 0.43595489859580994, 0.4392617344856262, 0.7433260083198547, 0.2607753276824951, 0.5292350649833679, 0.249770849943161, 0.5091384649276733, 0.28916165232658386, 0.33115288615226746, 0.332536518573761, 0.3990323841571808, 0.29132261872291565, 0.23385211825370789, 0.3437560200691223, 0.4441833198070526, 0.22308862209320068, 0.5319361686706543, 0.48071491718292236, 0.39243972301483154, 0.6251949667930603, 0.4666745066642761, 0.3510010242462158, 0.49286678433418274, 0.5263580679893494, 0.5526487231254578, 0.5593167543411255, 0.24385960400104523, 0.4125205874443054, 0.40262991189956665, 0.40693357586860657, 0.6523092985153198, 0.4590921700000763, 0.6466332077980042, 0.3960065543651581, 0.6340222358703613, 0.622368335723877, 0.3339594006538391, 0.5144057869911194], [0.4455580711364746, 0.31980517506599426, 0.5714214444160461, 0.4869787395000458, 0.4145008623600006, 0.5356552004814148, 0.5958094596862793, 0.46047794818878174, 0.6941839456558228, 0.761605441570282, 1.0, 0.2947279214859009, 0.6732465028762817, 0.47164061665534973, 0.5405502915382385, 0.3492780327796936, 0.5382902026176453, 0.38849106431007385, 0.4304226040840149, 0.6127505898475647, 0.2589033246040344, 0.5145405530929565, 0.33799979090690613, 0.4464154839515686, 0.2547121047973633, 0.34027743339538574, 0.2639620304107666, 0.35161709785461426, 0.3632989525794983, 0.3338375985622406, 0.23536667227745056, 0.3987058997154236, 0.28727009892463684, 0.5860547423362732, 0.42666900157928467, 0.4082869589328766, 0.64720219373703, 0.3833461105823517, 0.3371634781360626, 0.42769870162010193, 0.43294405937194824, 0.5952808260917664, 0.506891131401062, 0.31516677141189575, 0.4151901602745056, 0.4197891354560852, 0.41521769762039185, 0.5500015616416931, 0.46415528655052185, 0.6588621735572815, 0.370323121547699, 0.6787357926368713, 0.5275911092758179, 0.35417261719703674, 0.4779537618160248], [0.30995866656303406, 0.28431642055511475, 0.3633212447166443, 0.25251200795173645, 0.32123181223869324, 0.32865095138549805, 0.27391716837882996, 0.2488640546798706, 0.3052259385585785, 0.2512317895889282, 0.2947279214859009, 1.0, 0.36029428243637085, 0.3615092635154724, 0.43617090582847595, 0.25495073199272156, 0.32360851764678955, 0.39090996980667114, 0.3036175072193146, 0.3374854326248169, 0.21024714410305023, 0.3772420585155487, 0.20785050094127655, 0.24168653786182404, 0.19466640055179596, 0.25010377168655396, 0.12854042649269104, 0.2096131592988968, 0.2822719216346741, 0.34281763434410095, 0.23915374279022217, 0.2718948423862457, 0.32325705885887146, 0.4160608947277069, 0.4155859053134918, 0.459454745054245, 0.39138633012771606, 0.25758451223373413, 0.30241698026657104, 0.367521733045578, 0.459673672914505, 0.4621357023715973, 0.27065083384513855, 0.46074384450912476, 0.4544612169265747, 0.44913145899772644, 0.31659966707229614, 0.3616503179073334, 0.5320925116539001, 0.5052025318145752, 0.37708768248558044, 0.36442509293556213, 0.3644610643386841, 0.38788071274757385, 0.41129636764526367], [0.4128008186817169, 0.21223069727420807, 0.419689416885376, 0.4480670690536499, 0.43824705481529236, 0.49779564142227173, 0.5437742471694946, 0.4063156545162201, 0.6376372575759888, 0.7235461473464966, 0.6732465028762817, 0.36029428243637085, 1.0, 0.48479828238487244, 0.49957525730133057, 0.3435141146183014, 0.44710153341293335, 0.3229326009750366, 0.4519641101360321, 0.5539831519126892, 0.1584554761648178, 0.5018866062164307, 0.28226402401924133, 0.37381941080093384, 0.3936866521835327, 0.29564011096954346, 0.21228840947151184, 0.3424077332019806, 0.3674704432487488, 0.28406769037246704, 0.25944653153419495, 0.46090468764305115, 0.1325700730085373, 0.4861871302127838, 0.30679985880851746, 0.2588033080101013, 0.7490154504776001, 0.33559709787368774, 0.31384527683258057, 0.3470129072666168, 0.4629441201686859, 0.5490694642066956, 0.8126503229141235, 0.18914441764354706, 0.332052618265152, 0.3552802503108978, 0.3722042143344879, 0.421896755695343, 0.4309900104999542, 0.5637993216514587, 0.1899806708097458, 0.47180378437042236, 0.6259838938713074, 0.3548446595668793, 0.47568240761756897], [0.576221227645874, 0.26587700843811035, 0.37905436754226685, 0.42286014556884766, 0.5690585374832153, 0.42730000615119934, 0.4079855978488922, 0.389607697725296, 0.30572956800460815, 0.43086597323417664, 0.47164061665534973, 0.3615092635154724, 0.48479828238487244, 1.0, 0.5610924959182739, 0.495648056268692, 0.23577655851840973, 0.32091933488845825, 0.5222325325012207, 0.367128849029541, 0.24706991016864777, 0.4995969831943512, 0.09141567349433899, 0.2040904313325882, 0.14152956008911133, 0.21592260897159576, 0.1326269805431366, 0.5287258625030518, 0.2679041624069214, 0.34335100650787354, 0.2967890501022339, 0.5252358317375183, 0.14839553833007812, 0.29362547397613525, 0.21368683874607086, 0.09539437294006348, 0.5753433108329773, 0.5056436657905579, 0.0338435135781765, 0.26622575521469116, 0.3778833746910095, 0.4324083626270294, 0.4921708405017853, 0.18920883536338806, 0.3193330466747284, 0.38113439083099365, 0.4202640652656555, 0.3080669045448303, 0.40999162197113037, 0.3651284873485565, 0.10921225696802139, 0.3052794337272644, 0.4044143855571747, 0.4257504940032959, 0.34820058941841125], [0.6197668313980103, 0.4323088526725769, 0.4889183044433594, 0.512911319732666, 0.582412600517273, 0.5014944672584534, 0.44792452454566956, 0.4910212755203247, 0.4016251266002655, 0.5549484491348267, 0.5405502915382385, 0.43617090582847595, 0.49957525730133057, 0.5610924959182739, 1.0, 0.5501078367233276, 0.43595200777053833, 0.4401552677154541, 0.6035513281822205, 0.5655287504196167, 0.5142561197280884, 0.38907334208488464, 0.18645034730434418, 0.39858734607696533, 0.37370964884757996, 0.3362797498703003, 0.4244452714920044, 0.4932214915752411, 0.32221195101737976, 0.4536067545413971, 0.2653748393058777, 0.42617344856262207, 0.3810310363769531, 0.5064224600791931, 0.4375538229942322, 0.3713695704936981, 0.4495442807674408, 0.3915705382823944, 0.43175262212753296, 0.4421105980873108, 0.5012335181236267, 0.6063042879104614, 0.5589737892150879, 0.43081632256507874, 0.39306601881980896, 0.5981467962265015, 0.5378058552742004, 0.6114384531974792, 0.6271242499351501, 0.5694947242736816, 0.4601203501224518, 0.518893837928772, 0.459221214056015, 0.33119186758995056, 0.4365731477737427], [0.36974090337753296, 0.23949839174747467, 0.3642381727695465, 0.372546911239624, 0.5333834290504456, 0.39999136328697205, 0.2926962971687317, 0.3391176760196686, 0.2916886806488037, 0.3469833433628082, 0.3492780327796936, 0.25495073199272156, 0.3435141146183014, 0.495648056268692, 0.5501078367233276, 1.0, 0.16501252353191376, 0.30422350764274597, 0.45284536480903625, 0.3493176996707916, 0.39463698863983154, 0.3451712429523468, 0.06186511740088463, 0.15078973770141602, 0.14236974716186523, 0.1619938611984253, 0.19006815552711487, 0.43604394793510437, 0.17917276918888092, 0.21857374906539917, 0.21998374164104462, 0.42873328924179077, 0.23731262981891632, 0.31252989172935486, 0.22707295417785645, 0.14774195849895477, 0.3500397503376007, 0.4464585483074188, 0.0753004178404808, 0.24274574220180511, 0.311495304107666, 0.39902764558792114, 0.3959772288799286, 0.19723202288150787, 0.23843339085578918, 0.4213932156562805, 0.39435750246047974, 0.3363708257675171, 0.3739648759365082, 0.30532553791999817, 0.2304823100566864, 0.26695507764816284, 0.29327428340911865, 0.2851550281047821, 0.23261429369449615], [0.2510111629962921, 0.3472829759120941, 0.4763198494911194, 0.23718294501304626, 0.23348210752010345, 0.3121907114982605, 0.48470255732536316, 0.3365354537963867, 0.44460657238960266, 0.6795652508735657, 0.5382902026176453, 0.32360851764678955, 0.44710153341293335, 0.23577655851840973, 0.43595200777053833, 0.16501252353191376, 1.0, 0.3416755795478821, 0.36400461196899414, 0.7584250569343567, 0.1633039265871048, 0.38748374581336975, 0.29036182165145874, 0.5300559997558594, 0.2192668318748474, 0.24762877821922302, 0.2656680941581726, 0.23914660513401031, 0.29162824153900146, 0.33325666189193726, 0.41702982783317566, 0.16137808561325073, 0.3821335732936859, 0.41821610927581787, 0.5370853543281555, 0.5847300887107849, 0.4200628697872162, 0.18310976028442383, 0.4391765296459198, 0.4505229890346527, 0.46782615780830383, 0.4489487111568451, 0.30405810475349426, 0.43755942583084106, 0.358837366104126, 0.2896069288253784, 0.24768520891666412, 0.5352464914321899, 0.47031208872795105, 0.55223149061203, 0.4373023509979248, 0.5994900465011597, 0.40810516476631165, 0.27814996242523193, 0.5068615674972534], [0.39887556433677673, 0.34652653336524963, 0.5265286564826965, 0.48999276757240295, 0.36753392219543457, 0.4968909025192261, 0.5284114480018616, 0.4225633442401886, 0.44291430711746216, 0.43595489859580994, 0.38849106431007385, 0.39090996980667114, 0.3229326009750366, 0.32091933488845825, 0.4401552677154541, 0.30422350764274597, 0.3416755795478821, 1.0, 0.3809509575366974, 0.45400625467300415, 0.40590447187423706, 0.4755202829837799, 0.2028006762266159, 0.30908888578414917, 0.1614556908607483, 0.3193286955356598, 0.3903738856315613, 0.44883307814598083, 0.30851855874061584, 0.381768137216568, 0.3008950352668762, 0.3633754551410675, 0.35726597905158997, 0.5951915979385376, 0.5161623358726501, 0.4783726632595062, 0.35168367624282837, 0.4514535963535309, 0.2383618801832199, 0.5064951777458191, 0.5671210885047913, 0.5964327454566956, 0.2897684574127197, 0.6075313687324524, 0.5563778281211853, 0.5936251282691956, 0.5784900784492493, 0.5714373588562012, 0.7148081064224243, 0.6815171837806702, 0.47934404015541077, 0.4820457398891449, 0.4066302180290222, 0.5241756439208984, 0.56131911277771], [0.5285356640815735, 0.40347543358802795, 0.44293221831321716, 0.5529235005378723, 0.7213994860649109, 0.49568700790405273, 0.3395254611968994, 0.47402235865592957, 0.32799527049064636, 0.4392617344856262, 0.4304226040840149, 0.3036175072193146, 0.4519641101360321, 0.5222325325012207, 0.6035513281822205, 0.45284536480903625, 0.36400461196899414, 0.3809509575366974, 1.0, 0.4637351334095001, 0.5579161047935486, 0.5771966576576233, 0.343700647354126, 0.44977867603302, 0.4008052945137024, 0.43409451842308044, 0.5121312141418457, 0.45340269804000854, 0.3996660113334656, 0.44842466711997986, 0.35631656646728516, 0.40428104996681213, 0.32287099957466125, 0.28283339738845825, 0.4010677933692932, 0.3045394718647003, 0.42604926228523254, 0.2799133062362671, 0.2325023114681244, 0.2917197048664093, 0.41204479336738586, 0.49119997024536133, 0.4829390048980713, 0.3196244239807129, 0.25067827105522156, 0.41682031750679016, 0.3517583906650543, 0.40255972743034363, 0.4881133735179901, 0.42323416471481323, 0.3977084159851074, 0.374754399061203, 0.41594398021698, 0.4534603953361511, 0.3677729666233063], [0.35519278049468994, 0.23374612629413605, 0.6272983551025391, 0.38716623187065125, 0.3324371874332428, 0.3901920020580292, 0.5067487955093384, 0.37336182594299316, 0.4767409563064575, 0.7433260083198547, 0.6127505898475647, 0.3374854326248169, 0.5539831519126892, 0.367128849029541, 0.5655287504196167, 0.3493176996707916, 0.7584250569343567, 0.45400625467300415, 0.4637351334095001, 1.0, 0.31032052636146545, 0.43429017066955566, 0.3297961354255676, 0.6711021065711975, 0.32703614234924316, 0.40732038021087646, 0.3315930962562561, 0.3193433880805969, 0.36483192443847656, 0.32935279607772827, 0.4825785756111145, 0.26517054438591003, 0.4459039568901062, 0.46843627095222473, 0.6634271740913391, 0.5060292482376099, 0.43430057168006897, 0.3284117877483368, 0.4194670617580414, 0.5791926383972168, 0.6653477549552917, 0.5069918036460876, 0.4493986666202545, 0.42316311597824097, 0.386942595243454, 0.3557596802711487, 0.30371108651161194, 0.7119811773300171, 0.46143680810928345, 0.5809674859046936, 0.5170176029205322, 0.5515624284744263, 0.5757656097412109, 0.41563665866851807, 0.5415560007095337], [0.3754984438419342, 0.3651912212371826, 0.29455438256263733, 0.4945535957813263, 0.5466465950012207, 0.4439576268196106, 0.21544362604618073, 0.44946908950805664, 0.20680180191993713, 0.2607753276824951, 0.2589033246040344, 0.21024714410305023, 0.1584554761648178, 0.24706991016864777, 0.5142561197280884, 0.39463698863983154, 0.1633039265871048, 0.40590447187423706, 0.5579161047935486, 0.31032052636146545, 1.0, 0.2728981673717499, 0.19397933781147003, 0.32882261276245117, 0.35766491293907166, 0.35531380772590637, 0.6544129252433777, 0.34777307510375977, 0.1722107082605362, 0.2827734649181366, 0.12034568190574646, 0.3005143105983734, 0.2979119122028351, 0.20201344788074493, 0.3542823791503906, 0.19100746512413025, 0.11389736831188202, 0.20518858730793, 0.18989337980747223, 0.16618464887142181, 0.2043343335390091, 0.28403687477111816, 0.2689131200313568, 0.29386278986930847, 0.10266206413507462, 0.5121550559997559, 0.370017945766449, 0.414382666349411, 0.45736438035964966, 0.31231823563575745, 0.4265756607055664, 0.20163913071155548, 0.21247290074825287, 0.2091599553823471, 0.17349624633789062], [0.45184066891670227, 0.29645055532455444, 0.5138429999351501, 0.46309927105903625, 0.4534825384616852, 0.5224488377571106, 0.5422596335411072, 0.3964363932609558, 0.4872337579727173, 0.5292350649833679, 0.5145405530929565, 0.3772420585155487, 0.5018866062164307, 0.4995969831943512, 0.38907334208488464, 0.3451712429523468, 0.38748374581336975, 0.4755202829837799, 0.5771966576576233, 0.43429017066955566, 0.2728981673717499, 1.0, 0.349457323551178, 0.35626959800720215, 0.11743326485157013, 0.4130252003669739, 0.2338256537914276, 0.400349885225296, 0.360087513923645, 0.3034459352493286, 0.41437193751335144, 0.46813902258872986, 0.3277449607849121, 0.48043206334114075, 0.38220974802970886, 0.40922749042510986, 0.5402464270591736, 0.39291876554489136, 0.09254420548677444, 0.4500298500061035, 0.48218202590942383, 0.528984546661377, 0.38720494508743286, 0.33675894141197205, 0.4754309058189392, 0.38960692286491394, 0.3945944905281067, 0.4114612340927124, 0.5085130929946899, 0.5657840371131897, 0.3218875527381897, 0.4271228015422821, 0.4674782454967499, 0.5879269242286682, 0.5194029211997986], [0.27808818221092224, 0.17237354815006256, 0.36295390129089355, 0.3008958101272583, 0.19329692423343658, 0.41241541504859924, 0.21019437909126282, 0.31748834252357483, 0.46400386095046997, 0.249770849943161, 0.33799979090690613, 0.20785050094127655, 0.28226402401924133, 0.09141567349433899, 0.18645034730434418, 0.06186511740088463, 0.29036182165145874, 0.2028006762266159, 0.343700647354126, 0.3297961354255676, 0.19397933781147003, 0.349457323551178, 1.0, 0.5909103751182556, 0.24811363220214844, 0.6444876790046692, 0.32694998383522034, 0.04013994708657265, 0.5142295956611633, 0.32447734475135803, 0.37703579664230347, 0.10573247820138931, 0.46890681982040405, 0.4255221486091614, 0.40382152795791626, 0.4695633351802826, 0.30788618326187134, 0.13079777359962463, 0.28534162044525146, 0.46779555082321167, 0.40853482484817505, 0.28866952657699585, 0.1749504953622818, 0.34873610734939575, 0.25519293546676636, 0.13948839902877808, 0.060218192636966705, 0.32736557722091675, 0.2578502893447876, 0.43611547350883484, 0.36377623677253723, 0.41208547353744507, 0.45826348662376404, 0.3434111177921295, 0.42184290289878845], [0.30845436453819275, 0.2664027512073517, 0.5452139377593994, 0.3481135666370392, 0.30895987153053284, 0.420911580324173, 0.38906607031822205, 0.4272962510585785, 0.36953386664390564, 0.5091384649276733, 0.4464154839515686, 0.24168653786182404, 0.37381941080093384, 0.2040904313325882, 0.39858734607696533, 0.15078973770141602, 0.5300559997558594, 0.30908888578414917, 0.44977867603302, 0.6711021065711975, 0.32882261276245117, 0.35626959800720215, 0.5909103751182556, 1.0, 0.4093642830848694, 0.5225297212600708, 0.5648283958435059, 0.183869406580925, 0.4249406158924103, 0.36782577633857727, 0.4506899118423462, 0.18845367431640625, 0.5576152801513672, 0.37021365761756897, 0.6549700498580933, 0.5367937684059143, 0.28890272974967957, 0.18235523998737335, 0.4496977627277374, 0.5550162196159363, 0.5781933665275574, 0.43566060066223145, 0.32768571376800537, 0.4055669605731964, 0.33561328053474426, 0.30692121386528015, 0.16720467805862427, 0.6105665564537048, 0.40856000781059265, 0.49476751685142517, 0.5536061525344849, 0.461328387260437, 0.6115539073944092, 0.33303651213645935, 0.41441473364830017], [0.2945639193058014, 0.2501988410949707, 0.25003883242607117, 0.2921868562698364, 0.3123297095298767, 0.33640846610069275, 0.14875689148902893, 0.3229149281978607, 0.2504902482032776, 0.28916165232658386, 0.2547121047973633, 0.19466640055179596, 0.3936866521835327, 0.14152956008911133, 0.37370964884757996, 0.14236974716186523, 0.2192668318748474, 0.1614556908607483, 0.4008052945137024, 0.32703614234924316, 0.35766491293907166, 0.11743326485157013, 0.24811363220214844, 0.4093642830848694, 1.0, 0.28046122193336487, 0.5648096203804016, 0.20802830159664154, 0.33370277285575867, 0.27214908599853516, 0.13044852018356323, 0.11032374203205109, 0.2027793675661087, 0.22773301601409912, 0.21884971857070923, 0.14187806844711304, 0.23013798892498016, 0.08412308245897293, 0.37696531414985657, 0.10015350580215454, 0.2481534332036972, 0.24681046605110168, 0.5082648992538452, 0.18201982975006104, 0.03923304006457329, 0.20227833092212677, 0.17605385184288025, 0.2503569722175598, 0.2606666088104248, 0.22018152475357056, 0.2571699619293213, 0.2248605340719223, 0.36759835481643677, 0.13050265610218048, 0.17835713922977448], [0.44207605719566345, 0.16054047644138336, 0.42205047607421875, 0.45176243782043457, 0.3928821086883545, 0.5195879340171814, 0.26806288957595825, 0.4295464754104614, 0.33924755454063416, 0.33115288615226746, 0.34027743339538574, 0.25010377168655396, 0.29564011096954346, 0.21592260897159576, 0.3362797498703003, 0.1619938611984253, 0.24762877821922302, 0.3193286955356598, 0.43409451842308044, 0.40732038021087646, 0.35531380772590637, 0.4130252003669739, 0.6444876790046692, 0.5225297212600708, 0.28046122193336487, 1.0, 0.4000454843044281, 0.19559365510940552, 0.4641386568546295, 0.2918778359889984, 0.36248207092285156, 0.319623202085495, 0.45507872104644775, 0.36571115255355835, 0.5599269866943359, 0.4606320858001709, 0.2571950852870941, 0.28833621740341187, 0.20182852447032928, 0.5496140718460083, 0.40730419754981995, 0.32874080538749695, 0.22423303127288818, 0.3804684579372406, 0.2938190996646881, 0.3314082622528076, 0.20709656178951263, 0.4827475845813751, 0.3607746362686157, 0.4553314745426178, 0.4970579147338867, 0.29683536291122437, 0.5351611375808716, 0.3498552143573761, 0.4089781939983368], [0.37067273259162903, 0.30566737055778503, 0.3949645161628723, 0.5049433708190918, 0.45501628518104553, 0.5077826380729675, 0.24824079871177673, 0.5645447969436646, 0.2785446047782898, 0.332536518573761, 0.2639620304107666, 0.12854042649269104, 0.21228840947151184, 0.1326269805431366, 0.4244452714920044, 0.19006815552711487, 0.2656680941581726, 0.3903738856315613, 0.5121312141418457, 0.3315930962562561, 0.6544129252433777, 0.2338256537914276, 0.32694998383522034, 0.5648283958435059, 0.5648096203804016, 0.4000454843044281, 1.0, 0.2393113225698471, 0.3890371322631836, 0.3409295380115509, 0.18600328266620636, 0.1590471714735031, 0.3356858789920807, 0.2882751226425171, 0.4172133505344391, 0.3190235495567322, 0.10488591343164444, 0.15193848311901093, 0.2963791489601135, 0.24434828758239746, 0.27509739995002747, 0.278224915266037, 0.3485461473464966, 0.31653469800949097, 0.17118851840496063, 0.38002893328666687, 0.25870081782341003, 0.452425479888916, 0.49108707904815674, 0.35278037190437317, 0.5209581851959229, 0.28059980273246765, 0.34405773878097534, 0.20036043226718903, 0.30199381709098816], [0.6508740782737732, 0.4364556074142456, 0.39076581597328186, 0.4580518305301666, 0.5564548373222351, 0.5602779984474182, 0.4663030803203583, 0.5448673963546753, 0.359476774930954, 0.3990323841571808, 0.35161709785461426, 0.2096131592988968, 0.3424077332019806,