,scale_id,distilroberta,mpnet,miniLM,e5,labse,gpt3-large,gpt3-small
0,360emergencymed_azami_2024,"[[1.         0.3741003  0.50861573 ... 0.4880526  0.4023741  0.4090635 ]
 [0.3741003  1.         0.50856173 ... 0.1838919  0.28325787 0.2460539 ]
 [0.50861573 0.50856173 1.         ... 0.42560047 0.43215266 0.5681799 ]
 ...
 [0.4880526  0.1838919  0.42560047 ... 1.         0.58039236 0.6216232 ]
 [0.4023741  0.28325787 0.43215266 ... 0.58039236 1.         0.5950825 ]
 [0.4090635  0.2460539  0.5681799  ... 0.6216232  0.5950825  1.        ]]","[[1.         0.36389565 0.5199487  ... 0.5064258  0.48443428 0.52613974]
 [0.36389565 1.         0.4465068  ... 0.13408515 0.30900052 0.25553772]
 [0.5199487  0.4465068  1.         ... 0.539623   0.5099131  0.63469106]
 ...
 [0.5064258  0.13408515 0.539623   ... 1.         0.48146403 0.63287336]
 [0.48443428 0.30900052 0.5099131  ... 0.48146403 1.         0.5916438 ]
 [0.52613974 0.25553772 0.63469106 ... 0.63287336 0.5916438  1.        ]]","[[1.         0.33780032 0.52482617 ... 0.5212796  0.4567362  0.61326885]
 [0.33780032 1.         0.45324156 ... 0.09870988 0.3381489  0.2337987 ]
 [0.52482617 0.45324156 1.         ... 0.36292437 0.41471615 0.51744515]
 ...
 [0.5212796  0.09870988 0.36292437 ... 1.         0.5461195  0.64886683]
 [0.4567362  0.3381489  0.41471615 ... 0.5461195  1.         0.5571699 ]
 [0.61326885 0.2337987  0.51744515 ... 0.64886683 0.5571699  1.        ]]","[[1.         0.8322801  0.85874164 ... 0.8322954  0.83400387 0.81098086]
 [0.8322801  1.         0.86186033 ... 0.7789299  0.8196692  0.7969114 ]
 [0.85874164 0.86186033 1.         ... 0.8381882  0.8507423  0.84909034]
 ...
 [0.8322954  0.7789299  0.8381882  ... 1.         0.8556663  0.851994  ]
 [0.83400387 0.8196692  0.8507423  ... 0.8556663  1.         0.8645193 ]
 [0.81098086 0.7969114  0.84909034 ... 0.851994   0.8645193  1.        ]]","[[1.         0.28494084 0.44238865 ... 0.40191352 0.32466704 0.2483783 ]
 [0.28494084 1.         0.43161044 ... 0.2279457  0.3391605  0.3427015 ]
 [0.44238865 0.43161044 1.         ... 0.3378841  0.34276402 0.4933072 ]
 ...
 [0.40191352 0.2279457  0.3378841  ... 1.         0.45454702 0.51083237]
 [0.32466704 0.3391605  0.34276402 ... 0.45454702 1.         0.45867172]
 [0.2483783  0.3427015  0.4933072  ... 0.51083237 0.45867172 1.        ]]","[[1.         0.35045551 0.40717474 ... 0.4199765  0.36540869 0.30645047]
 [0.35045551 1.         0.53810708 ... 0.28214221 0.36799038 0.33801907]
 [0.40717474 0.53810708 1.         ... 0.40357691 0.3329387  0.36011631]
 ...
 [0.4199765  0.28214221 0.40357691 ... 1.         0.50330086 0.51158232]
 [0.36540869 0.36799038 0.3329387  ... 0.50330086 1.         0.49574216]
 [0.30645047 0.33801907 0.36011631 ... 0.51158232 0.49574216 1.        ]]","[[1.         0.39560145 0.49699587 ... 0.52212073 0.32332951 0.40750806]
 [0.39560145 1.         0.57618484 ... 0.3762478  0.39725253 0.36669027]
 [0.49699587 0.57618484 1.         ... 0.47752567 0.39457408 0.42533674]
 ...
 [0.52212073 0.3762478  0.47752567 ... 1.         0.48229371 0.57554807]
 [0.32332951 0.39725253 0.39457408 ... 0.48229371 1.         0.54531486]
 [0.40750806 0.36669027 0.42533674 ... 0.57554807 0.54531486 1.        ]]"
1,coach_chen_2022_hdrs,"[[1.         0.31295994 0.3204668  0.15055472 0.39242798 0.48583624
  0.21425775 0.39646438 0.46632767 0.2805864  0.16434284 0.19693604
  0.04247469 0.22999005 0.45414343 0.41871312 0.5116474 ]
 [0.31295994 1.         0.6027084  0.17055476 0.25994426 0.51321447
  0.45599973 0.61148894 0.30012777 0.18126626 0.2364892  0.24375932
  0.06370373 0.17906086 0.51318926 0.36741343 0.38824946]
 [0.3204668  0.6027084  1.         0.3177498  0.3617312  0.44433978
  0.6208491  0.3764774  0.24702251 0.17541745 0.18450329 0.17926237
  0.08892556 0.39769644 0.41483974 0.22949624 0.30774993]
 [0.15055472 0.17055476 0.3177498  1.         0.42088503 0.29660496
  0.51028377 0.18194818 0.13129519 0.17171761 0.13296045 0.15487513
  0.30509707 0.44551116 0.30606455 0.16166873 0.17971312]
 [0.39242798 0.25994426 0.3617312  0.42088503 1.         0.3101795
  0.33717465 0.24597237 0.38579574 0.1411961  0.14336872 0.19246003
  0.26081476 0.18820079 0.31580487 0.4062414  0.31529343]
 [0.48583624 0.51321447 0.44433978 0.29660496 0.3101795  1.
  0.54976755 0.5066371  0.342381   0.3066229  0.2704356  0.33854008
  0.11099456 0.25984478 0.8521924  0.39034054 0.3623873 ]
 [0.21425775 0.45599973 0.6208491  0.51028377 0.33717465 0.54976755
  1.         0.33865905 0.203124   0.34237507 0.31920356 0.30758885
  0.22266443 0.5414661  0.4940341  0.24844947 0.23027395]
 [0.39646438 0.61148894 0.3764774  0.18194818 0.24597237 0.5066371
  0.33865905 1.         0.3425525  0.21600536 0.23690037 0.2797664
  0.02078889 0.15211749 0.5362316  0.4462821  0.3639034 ]
 [0.46632767 0.30012777 0.24702251 0.13129519 0.38579574 0.342381
  0.203124   0.3425525  1.         0.433632   0.52148056 0.52381706
  0.41738445 0.21417458 0.40319407 0.64746577 0.37313533]
 [0.2805864  0.18126626 0.17541745 0.17171761 0.1411961  0.3066229
  0.34237507 0.21600536 0.433632   1.         0.70912075 0.5594591
  0.2933821  0.21493644 0.31810227 0.22238311 0.24125817]
 [0.16434284 0.2364892  0.18450329 0.13296045 0.14336872 0.2704356
  0.31920356 0.23690037 0.52148056 0.70912075 1.         0.8854955
  0.41017184 0.20916256 0.3023255  0.3037562  0.18353648]
 [0.19693604 0.24375932 0.17926237 0.15487513 0.19246003 0.33854008
  0.30758885 0.2797664  0.52381706 0.5594591  0.8854955  1.
  0.38644385 0.1990602  0.36248085 0.31729308 0.19938716]
 [0.04247469 0.06370373 0.08892556 0.30509707 0.26081476 0.11099456
  0.22266443 0.02078889 0.41738445 0.2933821  0.41017184 0.38644385
  1.         0.34815353 0.15024836 0.24123745 0.12516864]
 [0.22999005 0.17906086 0.39769644 0.44551116 0.18820079 0.25984478
  0.5414661  0.15211749 0.21417458 0.21493644 0.20916256 0.1990602
  0.34815353 1.         0.26567474 0.22886492 0.1953443 ]
 [0.45414343 0.51318926 0.41483974 0.30606455 0.31580487 0.8521924
  0.4940341  0.5362316  0.40319407 0.31810227 0.3023255  0.36248085
  0.15024836 0.26567474 1.         0.47333264 0.32196623]
 [0.41871312 0.36741343 0.22949624 0.16166873 0.4062414  0.39034054
  0.24844947 0.4462821  0.64746577 0.22238311 0.3037562  0.31729308
  0.24123745 0.22886492 0.47333264 1.         0.3729997 ]
 [0.5116474  0.38824946 0.30774993 0.17971312 0.31529343 0.3623873
  0.23027395 0.3639034  0.37313533 0.24125817 0.18353648 0.19938716
  0.12516864 0.1953443  0.32196623 0.3729997  1.        ]]","[[1.         0.25909004 0.19380489 0.2885627  0.31502873 0.28201967
  0.09859889 0.27137974 0.73235095 0.20414947 0.20259489 0.24324779
  0.19592483 0.243961   0.20928387 0.25657132 0.34974524]
 [0.25909004 1.         0.8684578  0.38481387 0.43696555 0.4864885
  0.3365781  0.257858   0.46542087 0.3721337  0.38571194 0.40053073
  0.13149162 0.38026655 0.36615634 0.36135408 0.1438174 ]
 [0.19380489 0.8684578  1.         0.27919012 0.35770756 0.5800836
  0.36953944 0.21808097 0.35738978 0.37457648 0.3609168  0.3425999
  0.13830355 0.37376314 0.47792566 0.28632405 0.17117839]
 [0.2885627  0.38481387 0.27919012 1.         0.43317395 0.2540356
  0.17540994 0.11081493 0.5228686  0.18004693 0.1907496  0.22490856
  0.13364439 0.23650746 0.17038608 0.42503765 0.16425341]
 [0.31502873 0.43696555 0.35770756 0.43317395 1.         0.2800101
  0.2129718  0.13640857 0.5758612  0.19118135 0.18902923 0.2214638
  0.11701113 0.15777141 0.27787855 0.29315796 0.15637809]
 [0.28201967 0.4864885  0.5800836  0.2540356  0.2800101  1.
  0.61159515 0.40001878 0.4047516  0.43124276 0.41659945 0.3508863
  0.13235755 0.38064855 0.78032327 0.19821224 0.1258673 ]
 [0.09859889 0.3365781  0.36953944 0.17540994 0.2129718  0.61159515
  1.         0.29756755 0.21015097 0.340366   0.33760428 0.27266967
  0.15261522 0.27548206 0.5343427  0.11240178 0.11055135]
 [0.27137974 0.257858   0.21808097 0.11081493 0.13640857 0.40001878
  0.29756755 1.         0.32932732 0.30662775 0.28887194 0.28608316
  0.17008546 0.27088374 0.33460256 0.16037445 0.11031792]
 [0.73235095 0.46542087 0.35738978 0.5228686  0.5758612  0.4047516
  0.21015097 0.32932732 1.         0.35138506 0.35555702 0.40014654
  0.21749699 0.31441426 0.29083663 0.40843877 0.2759686 ]
 [0.20414947 0.3721337  0.37457648 0.18004693 0.19118135 0.43124276
  0.340366   0.30662775 0.35138506 1.         0.9297387  0.87757677
  0.18282878 0.36668563 0.33366385 0.1813095  0.32466277]
 [0.20259489 0.38571194 0.3609168  0.1907496  0.18902923 0.41659945
  0.33760428 0.28887194 0.35555702 0.9297387  1.         0.9658912
  0.14679366 0.35659412 0.31538042 0.20302454 0.27252322]
 [0.24324779 0.40053073 0.3425999  0.22490856 0.2214638  0.3508863
  0.27266967 0.28608316 0.40014654 0.87757677 0.9658912  1.
  0.15035245 0.33148527 0.23645224 0.23471144 0.3022276 ]
 [0.19592483 0.13149162 0.13830355 0.13364439 0.11701113 0.13235755
  0.15261522 0.17008546 0.21749699 0.18282878 0.14679366 0.15035245
  1.         0.15806626 0.22426404 0.2326246  0.11668856]
 [0.243961   0.38026655 0.37376314 0.23650746 0.15777141 0.38064855
  0.27548206 0.27088374 0.31441426 0.36668563 0.35659412 0.33148527
  0.15806626 1.         0.23666148 0.17793117 0.2475905 ]
 [0.20928387 0.36615634 0.47792566 0.17038608 0.27787855 0.78032327
  0.5343427  0.33460256 0.29083663 0.33366385 0.31538042 0.23645224
  0.22426404 0.23666148 1.         0.13472027 0.08742166]
 [0.25657132 0.36135408 0.28632405 0.42503765 0.29315796 0.19821224
  0.11240178 0.16037445 0.40843877 0.1813095  0.20302454 0.23471144
  0.2326246  0.17793117 0.13472027 1.         0.13986376]
 [0.34974524 0.1438174  0.17117839 0.16425341 0.15637809 0.1258673
  0.11055135 0.11031792 0.2759686  0.32466277 0.27252322 0.3022276
  0.11668856 0.2475905  0.08742166 0.13986376 1.        ]]","[[1.         0.382957   0.18816754 0.27583417 0.30653796 0.2943414
  0.11108096 0.36694923 0.90353554 0.30517963 0.3233987  0.37206125
  0.25707203 0.21657741 0.24782941 0.40481493 0.42589778]
 [0.382957   1.         0.8032443  0.5545726  0.40223628 0.41973084
  0.29214785 0.27318382 0.37647393 0.27834213 0.26085153 0.2571804
  0.13343775 0.41030815 0.52571267 0.41861305 0.18025988]
 [0.18816754 0.8032443  1.         0.37940207 0.25235447 0.44873035
  0.34237868 0.21401043 0.19137697 0.27712402 0.27511144 0.2538596
  0.08071734 0.37147018 0.5817086  0.21343178 0.07639883]
 [0.27583417 0.5545726  0.37940207 1.         0.5813902  0.32885394
  0.22871177 0.16271381 0.3173     0.11035046 0.10151576 0.16678339
  0.25330913 0.34210542 0.34544316 0.48950323 0.22688448]
 [0.30653796 0.40223628 0.25235447 0.5813902  1.         0.29697424
  0.26603416 0.10489577 0.32134897 0.08897632 0.11089403 0.17769295
  0.25940385 0.16216095 0.30592754 0.3583192  0.17311598]
 [0.2943414  0.41973084 0.44873035 0.32885394 0.29697424 1.
  0.611442   0.4260976  0.28644803 0.32798168 0.28219187 0.26643872
  0.25596887 0.27366257 0.87988484 0.23731034 0.0680797 ]
 [0.11108096 0.29214785 0.34237868 0.22871177 0.26603416 0.611442
  1.         0.25791365 0.11320633 0.21409856 0.22978674 0.21183763
  0.22910325 0.19852416 0.5619585  0.12940028 0.00870232]
 [0.36694923 0.27318382 0.21401043 0.16271381 0.10489577 0.4260976
  0.25791365 1.         0.36158118 0.2026105  0.1667045  0.16890486
  0.20670049 0.26114598 0.32614022 0.24620475 0.12283154]
 [0.90353554 0.37647393 0.19137697 0.3173     0.32134897 0.28644803
  0.11320633 0.36158118 1.         0.29829484 0.3413234  0.39047733
  0.27242902 0.20476772 0.21471019 0.39653623 0.37046212]
 [0.30517963 0.27834213 0.27712402 0.11035046 0.08897632 0.32798168
  0.21409856 0.2026105  0.29829484 1.         0.91993606 0.85892856
  0.09634497 0.2609067  0.38143808 0.19210586 0.21437061]
 [0.3233987  0.26085153 0.27511144 0.10151576 0.11089403 0.28219187
  0.22978674 0.1667045  0.3413234  0.91993606 1.         0.95672655
  0.1083338  0.24391018 0.36302432 0.17942685 0.14488557]
 [0.37206125 0.2571804  0.2538596  0.16678339 0.17769295 0.26643872
  0.21183763 0.16890486 0.39047733 0.85892856 0.95672655 1.
  0.15041631 0.23987392 0.34001452 0.2209748  0.16624402]
 [0.25707203 0.13343775 0.08071734 0.25330913 0.25940385 0.25596887
  0.22910325 0.20670049 0.27242902 0.09634497 0.1083338  0.15041631
  1.         0.24459407 0.15285356 0.27270284 0.19713011]
 [0.21657741 0.41030815 0.37147018 0.34210542 0.16216095 0.27366257
  0.19852416 0.26114598 0.20476772 0.2609067  0.24391018 0.23987392
  0.24459407 1.         0.26700327 0.21595609 0.285168  ]
 [0.24782941 0.52571267 0.5817086  0.34544316 0.30592754 0.87988484
  0.5619585  0.32614022 0.21471019 0.38143808 0.36302432 0.34001452
  0.15285356 0.26700327 1.         0.226093   0.03817016]
 [0.40481493 0.41861305 0.21343178 0.48950323 0.3583192  0.23731034
  0.12940028 0.24620475 0.39653623 0.19210586 0.17942685 0.2209748
  0.27270284 0.21595609 0.226093   1.         0.12078816]
 [0.42589778 0.18025988 0.07639883 0.22688448 0.17311598 0.0680797
  0.00870232 0.12283154 0.37046212 0.21437061 0.14488557 0.16624402
  0.19713011 0.285168   0.03817016 0.12078816 1.        ]]","[[1.         0.8399904  0.8254393  0.78920645 0.848697   0.81966233
  0.79503626 0.8161559  0.83429897 0.8217796  0.82011175 0.8122707
  0.83765125 0.8574406  0.79463696 0.8273841  0.85346216]
 [0.8399904  1.         0.9045412  0.82817405 0.8522938  0.84954554
  0.81981325 0.8382365  0.83028007 0.8515779  0.855862   0.8459531
  0.8506647  0.83084124 0.8463242  0.84734255 0.8313867 ]
 [0.8254393  0.9045412  1.         0.855306   0.82413214 0.90682346
  0.87303597 0.8213731  0.8048054  0.85485286 0.8443793  0.83493775
  0.8210214  0.86321056 0.8939318  0.8347106  0.80883646]
 [0.78920645 0.82817405 0.855306   1.         0.8208872  0.8171404
  0.85966253 0.823135   0.8030438  0.8246636  0.8129863  0.81640357
  0.8144648  0.86541307 0.81382877 0.847148   0.79354084]
 [0.848697   0.8522938  0.82413214 0.8208872  1.         0.85601765
  0.82566243 0.81231993 0.840388   0.8313909  0.83393574 0.8312347
  0.84689873 0.8133964  0.8319854  0.8352279  0.8235646 ]
 [0.81966233 0.84954554 0.90682346 0.8171404  0.85601765 1.
  0.86360157 0.8235215  0.8017965  0.8470029  0.83446956 0.8282694
  0.8311722  0.8210485  0.94411254 0.82772255 0.81295925]
 [0.79503626 0.81981325 0.87303597 0.85966253 0.82566243 0.86360157
  1.         0.8233865  0.79269886 0.83358634 0.817647   0.82092947
  0.82822317 0.87926763 0.85239285 0.82470584 0.80092144]
 [0.8161559  0.8382365  0.8213731  0.823135   0.81231993 0.8235215
  0.8233865  1.         0.8128957  0.82368684 0.8183376  0.8129163
  0.83386403 0.83483124 0.8205073  0.82870245 0.8108022 ]
 [0.83429897 0.83028007 0.8048054  0.8030438  0.840388   0.8017965
  0.79269886 0.8128957  1.         0.8286301  0.84027773 0.8458573
  0.8400855  0.814416   0.79515797 0.82371217 0.822207  ]
 [0.8217796  0.8515779  0.85485286 0.8246636  0.8313909  0.8470029
  0.83358634 0.82368684 0.8286301  1.         0.9793031  0.94276357
  0.8305076  0.83388954 0.8495281  0.81416076 0.8179208 ]
 [0.82011175 0.855862   0.8443793  0.8129863  0.83393574 0.83446956
  0.817647   0.8183376  0.84027773 0.9793031  1.         0.9566179
  0.8339836  0.8233185  0.8400895  0.81649166 0.814408  ]
 [0.8122707  0.8459531  0.83493775 0.81640357 0.8312347  0.8282694
  0.82092947 0.8129163  0.8458573  0.94276357 0.9566179  1.
  0.8340826  0.82098407 0.83357733 0.8187063  0.80680543]
 [0.83765125 0.8506647  0.8210214  0.8144648  0.84689873 0.8311722
  0.82822317 0.83386403 0.8400855  0.8305076  0.8339836  0.8340826
  1.         0.8401383  0.8183209  0.8475654  0.8519619 ]
 [0.8574406  0.83084124 0.86321056 0.86541307 0.8133964  0.8210485
  0.87926763 0.83483124 0.814416   0.83388954 0.8233185  0.82098407
  0.8401383  1.         0.8060136  0.8359105  0.82413924]
 [0.79463696 0.8463242  0.8939318  0.81382877 0.8319854  0.94411254
  0.85239285 0.8205073  0.79515797 0.8495281  0.8400895  0.83357733
  0.8183209  0.8060136  1.         0.81540656 0.791116  ]
 [0.8273841  0.84734255 0.8347106  0.847148   0.8352279  0.82772255
  0.82470584 0.82870245 0.82371217 0.81416076 0.81649166 0.8187063
  0.8475654  0.8359105  0.81540656 1.         0.8292884 ]
 [0.85346216 0.8313867  0.80883646 0.79354084 0.8235646  0.81295925
  0.80092144 0.8108022  0.822207   0.8179208  0.814408   0.80680543
  0.8519619  0.82413924 0.791116   0.8292884  1.        ]]","[[1.         0.36735466 0.30485877 0.18053278 0.39483917 0.2120922
  0.19511467 0.42915586 0.58068264 0.21693607 0.2491321  0.25881743
  0.43763533 0.31641072 0.22726709 0.5912286  0.3974103 ]
 [0.36735466 1.         0.6107338  0.18392535 0.40377665 0.48283768
  0.33675966 0.466001   0.30138943 0.19602418 0.22900665 0.2352178
  0.30724227 0.19467148 0.48891798 0.34561977 0.2802493 ]
 [0.30485877 0.6107338  1.         0.37801838 0.21042047 0.61328775
  0.5447901  0.32106173 0.13857535 0.3313882  0.31320372 0.30766857
  0.19124062 0.37790713 0.6445469  0.27671704 0.17480066]
 [0.18053278 0.18392535 0.37801838 1.         0.14246923 0.17426065
  0.42396092 0.2340998  0.24209245 0.2135529  0.2322955  0.25223872
  0.32894206 0.46813947 0.17766073 0.3462628  0.12232665]
 [0.39483917 0.40377665 0.21042047 0.14246923 1.         0.35703275
  0.3541132  0.23641676 0.3365398  0.19355923 0.17575276 0.20295385
  0.52742714 0.17117792 0.34784257 0.29478985 0.30027366]
 [0.2120922  0.48283768 0.61328775 0.17426065 0.35703275 1.
  0.51760334 0.35405537 0.05233527 0.34282425 0.28425434 0.30022007
  0.2083701  0.1540147  0.7835912  0.23767339 0.23582786]
 [0.19511467 0.33675966 0.5447901  0.42396092 0.3541132  0.51760334
  1.         0.29777822 0.16641848 0.35521427 0.29931745 0.31192547
  0.31258368 0.52767944 0.50986    0.21953829 0.2507652 ]
 [0.42915586 0.466001   0.32106173 0.2340998  0.23641676 0.35405537
  0.29777822 1.         0.334777   0.1897169  0.18001679 0.2261263
  0.37936705 0.22388327 0.32340062 0.42877838 0.1977899 ]
 [0.58068264 0.30138943 0.13857535 0.24209245 0.3365398  0.05233527
  0.16641848 0.334777   1.         0.29737222 0.37203598 0.36417323
  0.40314433 0.26115596 0.18167505 0.5520887  0.30895236]
 [0.21693607 0.19602418 0.3313882  0.2135529  0.19355923 0.34282425
  0.35521427 0.1897169  0.29737222 1.         0.9087224  0.87119204
  0.14395317 0.2496442  0.3935309  0.17606853 0.26524207]
 [0.2491321  0.22900665 0.31320372 0.2322955  0.17575276 0.28425434
  0.29931745 0.18001679 0.37203598 0.9087224  1.         0.91365004
  0.19693361 0.27865505 0.3492082  0.25226483 0.29429615]
 [0.25881743 0.2352178  0.30766857 0.25223872 0.20295385 0.30022007
  0.31192547 0.2261263  0.36417323 0.87119204 0.91365004 1.
  0.23785163 0.2893728  0.36698368 0.25400493 0.2788874 ]
 [0.43763533 0.30724227 0.19124062 0.32894206 0.52742714 0.2083701
  0.31258368 0.37936705 0.40314433 0.14395317 0.19693361 0.23785163
  1.         0.3152673  0.15047996 0.49252415 0.3055062 ]
 [0.31641072 0.19467148 0.37790713 0.46813947 0.17117792 0.1540147
  0.52767944 0.22388327 0.26115596 0.2496442  0.27865505 0.2893728
  0.3152673  1.         0.16802444 0.3023314  0.3350376 ]
 [0.22726709 0.48891798 0.6445469  0.17766073 0.34784257 0.7835912
  0.50986    0.32340062 0.18167505 0.3935309  0.3492082  0.36698368
  0.15047996 0.16802444 1.         0.23269972 0.23120402]
 [0.5912286  0.34561977 0.27671704 0.3462628  0.29478985 0.23767339
  0.21953829 0.42877838 0.5520887  0.17606853 0.25226483 0.25400493
  0.49252415 0.3023314  0.23269972 1.         0.29326588]
 [0.3974103  0.2802493  0.17480066 0.12232665 0.30027366 0.23582786
  0.2507652  0.1977899  0.30895236 0.26524207 0.29429615 0.2788874
  0.3055062  0.3350376  0.23120402 0.29326588 1.        ]]","[[1.         0.35784357 0.34156043 0.3226104  0.37828088 0.36093372
  0.32816477 0.3732393  0.4019527  0.37364133 0.37539044 0.37518565
  0.36940897 0.41762222 0.32904965 0.39468704 0.37577996]
 [0.35784357 1.         0.54579509 0.36818494 0.41687156 0.43245456
  0.32079455 0.47471044 0.34967016 0.37945952 0.36277963 0.38910187
  0.29967058 0.25607217 0.39714483 0.39762344 0.26407297]
 [0.34156043 0.54579509 1.         0.34609349 0.32725491 0.57733509
  0.40770686 0.43820108 0.19486201 0.34324511 0.33160274 0.338747
  0.32603137 0.29700801 0.55706706 0.26291153 0.21833063]
 [0.3226104  0.36818494 0.34609349 1.         0.48885705 0.40199854
  0.40131215 0.36123471 0.28946172 0.35777978 0.33556054 0.34611843
  0.38434147 0.38059598 0.32697763 0.44270288 0.24799037]
 [0.37828088 0.41687156 0.32725491 0.48885705 1.         0.40517067
  0.34491652 0.38712723 0.31877387 0.38518028 0.36639394 0.36901498
  0.36140095 0.28703648 0.37749682 0.40623698 0.29679552]
 [0.36093372 0.43245456 0.57733509 0.40199854 0.40517067 1.
  0.50614461 0.52404314 0.28496791 0.39486264 0.39288505 0.40079936
  0.37780381 0.32105366 0.73338497 0.34874438 0.26658238]
 [0.32816477 0.32079455 0.40770686 0.40131215 0.34491652 0.50614461
  1.         0.357769   0.19653353 0.34674024 0.35071379 0.34876022
  0.43498296 0.4218756  0.47402221 0.30303367 0.22980253]
 [0.3732393  0.47471044 0.43820108 0.36123471 0.38712723 0.52404314
  0.357769   1.         0.28821558 0.36846097 0.36330336 0.37429233
  0.37279357 0.2721084  0.5251289  0.35545099 0.22928108]
 [0.4019527  0.34967016 0.19486201 0.28946172 0.31877387 0.28496791
  0.19653353 0.28821558 1.         0.32913557 0.3426231  0.36007397
  0.27832163 0.26805886 0.24462219 0.38008593 0.34351568]
 [0.37364133 0.37945952 0.34324511 0.35777978 0.38518028 0.39486264
  0.34674024 0.36846097 0.32913557 1.         0.88955999 0.85538715
  0.36242203 0.34802904 0.352211   0.35986439 0.28636294]
 [0.37539044 0.36277963 0.33160274 0.33556054 0.36639394 0.39288505
  0.35071379 0.36330336 0.3426231  0.88955999 1.         0.86463526
  0.355078   0.35109713 0.35606863 0.33445551 0.28008284]
 [0.37518565 0.38910187 0.338747   0.34611843 0.36901498 0.40079936
  0.34876022 0.37429233 0.36007397 0.85538715 0.86463526 1.
  0.3471974  0.31949127 0.37027988 0.34673013 0.26025776]
 [0.36940897 0.29967058 0.32603137 0.38434147 0.36140095 0.37780381
  0.43498296 0.37279357 0.27832163 0.36242203 0.355078   0.3471974
  1.         0.33139971 0.41862827 0.40073372 0.29548346]
 [0.41762222 0.25607217 0.29700801 0.38059598 0.28703648 0.32105366
  0.4218756  0.2721084  0.26805886 0.34802904 0.35109713 0.31949127
  0.33139971 1.         0.26795316 0.32621403 0.3095377 ]
 [0.32904965 0.39714483 0.55706706 0.32697763 0.37749682 0.73338497
  0.47402221 0.5251289  0.24462219 0.352211   0.35606863 0.37027988
  0.41862827 0.26795316 1.         0.30809138 0.23836502]
 [0.39468704 0.39762344 0.26291153 0.44270288 0.40623698 0.34874438
  0.30303367 0.35545099 0.38008593 0.35986439 0.33445551 0.34673013
  0.40073372 0.32621403 0.30809138 1.         0.31408862]
 [0.37577996 0.26407297 0.21833063 0.24799037 0.29679552 0.26658238
  0.22980253 0.22928108 0.34351568 0.28636294 0.28008284 0.26025776
  0.29548346 0.3095377  0.23836502 0.31408862 1.        ]]","[[1.         0.38560925 0.40693235 0.29303972 0.37595718 0.33765115
  0.2647121  0.25416393 0.34778936 0.31056484 0.27805728 0.29878489
  0.23994091 0.36371611 0.3279455  0.30020229 0.3027764 ]
 [0.38560925 1.         0.53948566 0.3241553  0.37883182 0.33502819
  0.26623861 0.2730983  0.35095519 0.32598162 0.31049011 0.32429112
  0.25757583 0.25044915 0.31370354 0.40307734 0.18481881]
 [0.40693235 0.53948566 1.         0.30598053 0.35583276 0.64208784
  0.36590992 0.30713232 0.20749954 0.40165974 0.30311825 0.37069538
  0.25583853 0.31993786 0.55865923 0.27693995 0.19065509]
 [0.29303972 0.3241553  0.30598053 1.         0.43518386 0.32527279
  0.31913849 0.28955503 0.25784922 0.33132906 0.29495929 0.3134927
  0.38867972 0.36982211 0.28391952 0.37440468 0.20584412]
 [0.37595718 0.37883182 0.35583276 0.43518386 1.         0.41438167
  0.34735358 0.26035213 0.32316334 0.3021994  0.27037605 0.28397052
  0.34136187 0.24377522 0.40650703 0.35159397 0.26602521]
 [0.33765115 0.33502819 0.64208784 0.32527279 0.41438167 1.
  0.52918378 0.36563319 0.26030846 0.42586145 0.33792427 0.36969688
  0.33139851 0.33147869 0.78447642 0.32208785 0.26396495]
 [0.2647121  0.26623861 0.36590992 0.31913849 0.34735358 0.52918378
  1.         0.26751217 0.2021885  0.26129307 0.19473146 0.23390202
  0.3573415  0.30944072 0.50872453 0.259457   0.18134974]
 [0.25416393 0.2730983  0.30713232 0.28955503 0.26035213 0.36563319
  0.26751217 1.         0.23425471 0.32259733 0.25355736 0.29024362
  0.33159993 0.25228165 0.3111329  0.27579185 0.1719274 ]
 [0.34778936 0.35095519 0.20749954 0.25784922 0.32316334 0.26030846
  0.2021885  0.23425471 1.         0.31436515 0.29634649 0.29206211
  0.28196356 0.24031981 0.28899933 0.40396155 0.302003  ]
 [0.31056484 0.32598162 0.40165974 0.33132906 0.3021994  0.42586145
  0.26129307 0.32259733 0.31436515 1.         0.88532918 0.8263647
  0.30673605 0.31293457 0.35526418 0.29257931 0.26110923]
 [0.27805728 0.31049011 0.30311825 0.29495929 0.27037605 0.33792427
  0.19473146 0.25355736 0.29634649 0.88532918 1.         0.79199016
  0.27920494 0.2516601  0.28959673 0.27809295 0.22523677]
 [0.29878489 0.32429112 0.37069538 0.3134927  0.28397052 0.36969688
  0.23390202 0.29024362 0.29206211 0.8263647  0.79199016 1.
  0.30130167 0.25369926 0.31724227 0.29915761 0.21227366]
 [0.23994091 0.25757583 0.25583853 0.38867972 0.34136187 0.33139851
  0.3573415  0.33159993 0.28196356 0.30673605 0.27920494 0.30130167
  1.         0.28969157 0.3376919  0.30473315 0.28999481]
 [0.36371611 0.25044915 0.31993786 0.36982211 0.24377522 0.33147869
  0.30944072 0.25228165 0.24031981 0.31293457 0.2516601  0.25369926
  0.28969157 1.         0.28116651 0.23097294 0.26868597]
 [0.3279455  0.31370354 0.55865923 0.28391952 0.40650703 0.78447642
  0.50872453 0.3111329  0.28899933 0.35526418 0.28959673 0.31724227
  0.3376919  0.28116651 1.         0.26375205 0.23508987]
 [0.30020229 0.40307734 0.27693995 0.37440468 0.35159397 0.32208785
  0.259457   0.27579185 0.40396155 0.29257931 0.27809295 0.29915761
  0.30473315 0.23097294 0.26375205 1.         0.20239274]
 [0.3027764  0.18481881 0.19065509 0.20584412 0.26602521 0.26396495
  0.18134974 0.1719274  0.302003   0.26110923 0.22523677 0.21227366
  0.28999481 0.26868597 0.23508987 0.20239274 1.        ]]"
2,coach_chen_2022_phq9,"[[1.         0.32904997 0.24725147 0.46316695 0.42448503 0.4111498
  0.34449407 0.39199874 0.15363957]
 [0.32904997 1.         0.616974   0.4267189  0.64121586 0.3042526
  0.41468203 0.22013505 0.38274857]
 [0.24725147 0.616974   1.         0.31082228 0.37356758 0.24873884
  0.3493623  0.27253392 0.4684923 ]
 [0.46316695 0.4267189  0.31082228 1.         0.6099742  0.2147248
  0.5351922  0.39878225 0.29798183]
 [0.42448503 0.64121586 0.37356758 0.6099742  1.         0.36252216
  0.60549325 0.37463307 0.31798682]
 [0.4111498  0.3042526  0.24873884 0.2147248  0.36252216 1.
  0.3043116  0.3427105  0.22253148]
 [0.34449407 0.41468203 0.3493623  0.5351922  0.60549325 0.3043116
  1.         0.3231546  0.27028775]
 [0.39199874 0.22013505 0.27253392 0.39878225 0.37463307 0.3427105
  0.3231546  1.         0.31281227]
 [0.15363957 0.38274857 0.4684923  0.29798183 0.31798682 0.22253148
  0.27028775 0.31281227 1.        ]]","[[1.         0.34679967 0.2637419  0.5452269  0.46327394 0.53102416
  0.40721616 0.40196168 0.16712673]
 [0.34679967 1.         0.7658319  0.4196763  0.5889901  0.4978136
  0.32522672 0.34199202 0.3773183 ]
 [0.2637419  0.7658319  1.         0.3190847  0.37830022 0.4006086
  0.2683146  0.28697854 0.43085733]
 [0.5452269  0.4196763  0.3190847  1.         0.668436   0.37274376
  0.5044009  0.42464945 0.25743818]
 [0.46327394 0.5889901  0.37830022 0.668436   1.         0.47734708
  0.5160964  0.4645358  0.26971847]
 [0.53102416 0.4978136  0.4006086  0.37274376 0.47734708 1.
  0.32841837 0.35283032 0.32504115]
 [0.40721616 0.32522672 0.2683146  0.5044009  0.5160964  0.32841837
  1.         0.29797444 0.23676132]
 [0.40196168 0.34199202 0.28697854 0.42464945 0.4645358  0.35283032
  0.29797444 1.         0.33125532]
 [0.16712673 0.3773183  0.43085733 0.25743818 0.26971847 0.32504115
  0.23676132 0.33125532 1.        ]]","[[1.         0.29881334 0.27816167 0.40935373 0.36663523 0.41530943
  0.33126628 0.3094097  0.22886537]
 [0.29881334 1.         0.78631794 0.50362843 0.6096088  0.32651883
  0.3282966  0.42019162 0.4760966 ]
 [0.27816167 0.78631794 1.         0.42681783 0.47174972 0.3172416
  0.3342364  0.43087852 0.568506  ]
 [0.40935373 0.50362843 0.42681783 1.         0.6637992  0.32284233
  0.4717842  0.3856749  0.4318285 ]
 [0.36663523 0.6096088  0.47174972 0.6637992  1.         0.46173766
  0.5174247  0.36307776 0.3157483 ]
 [0.41530943 0.32651883 0.3172416  0.32284233 0.46173766 1.
  0.3392288  0.35386777 0.2934264 ]
 [0.33126628 0.3282966  0.3342364  0.4717842  0.5174247  0.3392288
  1.         0.24054375 0.25301176]
 [0.3094097  0.42019162 0.43087852 0.3856749  0.36307776 0.35386777
  0.24054375 1.         0.34665573]
 [0.22886537 0.4760966  0.568506   0.4318285  0.3157483  0.2934264
  0.25301176 0.34665573 1.        ]]","[[1.         0.8541074  0.85193384 0.8790617  0.8449727  0.8434111
  0.85093975 0.8240607  0.83369   ]
 [0.8541074  1.         0.918722   0.8870103  0.90826845 0.87066746
  0.89397323 0.8483157  0.8789159 ]
 [0.85193384 0.918722   1.         0.8860639  0.87826633 0.8462832
  0.8799815  0.84274095 0.89512086]
 [0.8790617  0.8870103  0.8860639  1.         0.87763345 0.8461191
  0.8938528  0.84964544 0.86539406]
 [0.8449727  0.90826845 0.87826633 0.87763345 1.         0.8825935
  0.91905326 0.8405993  0.8610042 ]
 [0.8434111  0.87066746 0.8462832  0.8461191  0.8825935  1.
  0.87884885 0.8236582  0.84900784]
 [0.85093975 0.89397323 0.8799815  0.8938528  0.91905326 0.87884885
  1.         0.84164107 0.8685405 ]
 [0.8240607  0.8483157  0.84274095 0.84964544 0.8405993  0.8236582
  0.84164107 1.         0.84936917]
 [0.83369    0.8789159  0.89512086 0.86539406 0.8610042  0.84900784
  0.8685405  0.84936917 1.        ]]","[[1.         0.38124448 0.4007935  0.5370411  0.34537432 0.42376733
  0.33089823 0.28319708 0.33895928]
 [0.38124448 1.         0.57173437 0.58468884 0.6696381  0.42950574
  0.48388326 0.3070816  0.4487943 ]
 [0.4007935  0.57173437 1.         0.5238496  0.46473673 0.28603336
  0.37468448 0.37493733 0.5471911 ]
 [0.5370411  0.58468884 0.5238496  1.         0.5032386  0.37675503
  0.60629666 0.39137706 0.42433858]
 [0.34537432 0.6696381  0.46473673 0.5032386  1.         0.57980365
  0.6371669  0.28950036 0.39937398]
 [0.42376733 0.42950574 0.28603336 0.37675503 0.57980365 1.
  0.51616454 0.27297756 0.3459177 ]
 [0.33089823 0.48388326 0.37468448 0.60629666 0.6371669  0.51616454
  1.         0.30000767 0.31482947]
 [0.28319708 0.3070816  0.37493733 0.39137706 0.28950036 0.27297756
  0.30000767 1.         0.31106678]
 [0.33895928 0.4487943  0.5471911  0.42433858 0.39937398 0.3459177
  0.31482947 0.31106678 1.        ]]","[[1.         0.35054509 0.25866042 0.45697484 0.38122534 0.44221608
  0.32795294 0.34004277 0.22603328]
 [0.35054509 1.         0.5264669  0.40432611 0.52654827 0.49961028
  0.3550058  0.23735832 0.47417244]
 [0.25866042 0.5264669  1.         0.29220305 0.42493217 0.34588484
  0.28081069 0.28398683 0.48320347]
 [0.45697484 0.40432611 0.29220305 1.         0.48598888 0.38870783
  0.49862936 0.38969075 0.2516703 ]
 [0.38122534 0.52654827 0.42493217 0.48598888 1.         0.53872608
  0.46894097 0.36875181 0.24964481]
 [0.44221608 0.49961028 0.34588484 0.38870783 0.53872608 1.
  0.41195042 0.30769231 0.31966931]
 [0.32795294 0.3550058  0.28081069 0.49862936 0.46894097 0.41195042
  1.         0.37358468 0.23104097]
 [0.34004277 0.23735832 0.28398683 0.38969075 0.36875181 0.30769231
  0.37358468 1.         0.23086771]
 [0.22603328 0.47417244 0.48320347 0.2516703  0.24964481 0.31966931
  0.23104097 0.23086771 1.        ]]","[[1.         0.28528225 0.26153895 0.48908466 0.33688261 0.38663309
  0.32110229 0.37315939 0.20150036]
 [0.28528225 1.         0.61346627 0.28336113 0.55379847 0.3953242
  0.30390479 0.23915303 0.41126582]
 [0.26153895 0.61346627 1.         0.25761606 0.47140416 0.34786024
  0.3120339  0.2656953  0.44004909]
 [0.48908466 0.28336113 0.25761606 1.         0.41014346 0.29528165
  0.48646045 0.38183415 0.23094064]
 [0.33688261 0.55379847 0.47140416 0.41014346 1.         0.45195765
  0.40147738 0.35541782 0.27321086]
 [0.38663309 0.3953242  0.34786024 0.29528165 0.45195765 1.
  0.34090692 0.30516365 0.32275098]
 [0.32110229 0.30390479 0.3120339  0.48646045 0.40147738 0.34090692
  1.         0.31478048 0.25263245]
 [0.37315939 0.23915303 0.2656953  0.38183415 0.35541782 0.30516365
  0.31478048 1.         0.20385936]
 [0.20150036 0.41126582 0.44004909 0.23094064 0.27321086 0.32275098
  0.25263245 0.20385936 1.        ]]"
3,emsc_kuan-chin_2023,"[[1.         0.25925052 0.28370515 0.14263792 0.2454942  0.2521678
  0.1828516 ]
 [0.25925052 1.         0.43904203 0.14913711 0.39025944 0.34591377
  0.30081514]
 [0.28370515 0.43904203 1.         0.29929775 0.31346568 0.2456435
  0.42940512]
 [0.14263792 0.14913711 0.29929775 1.         0.30827412 0.40490195
  0.326572  ]
 [0.2454942  0.39025944 0.31346568 0.30827412 1.         0.3090753
  0.47342446]
 [0.2521678  0.34591377 0.2456435  0.40490195 0.3090753  1.
  0.22905478]
 [0.1828516  0.30081514 0.42940512 0.326572   0.47342446 0.22905478
  1.        ]]","[[1.         0.22797984 0.23321304 0.15274191 0.17811751 0.30541357
  0.24322443]
 [0.22797984 1.         0.56236434 0.25580722 0.39656517 0.27973437
  0.27890968]
 [0.23321304 0.56236434 1.         0.33408588 0.27430215 0.27754182
  0.29897717]
 [0.15274191 0.25580722 0.33408588 1.         0.1319001  0.46626964
  0.21827775]
 [0.17811751 0.39656517 0.27430215 0.1319001  1.         0.19215775
  0.3973201 ]
 [0.30541357 0.27973437 0.27754182 0.46626964 0.19215775 1.
  0.23090719]
 [0.24322443 0.27890968 0.29897717 0.21827775 0.3973201  0.23090719
  1.        ]]","[[1.         0.33371577 0.33838654 0.24702184 0.18689513 0.39909768
  0.24099746]
 [0.33371577 1.         0.48835477 0.39944938 0.46592182 0.3420081
  0.47989815]
 [0.33838654 0.48835477 1.         0.32359046 0.29614317 0.34595293
  0.33427557]
 [0.24702184 0.39944938 0.32359046 1.         0.23383707 0.6111934
  0.2509036 ]
 [0.18689519 0.46592203 0.29614305 0.23383705 1.         0.22190407
  0.41993377]
 [0.39909774 0.3420081  0.34595284 0.61119336 0.22190407 1.
  0.30490404]
 [0.24099742 0.47989798 0.3342757  0.25090373 0.41993377 0.30490404
  1.        ]]","[[1.         0.7898692  0.8143061  0.80090564 0.821068   0.8053356
  0.814831  ]
 [0.7898692  1.         0.91406196 0.84575003 0.8530046  0.82132363
  0.8390215 ]
 [0.8143061  0.91406196 1.         0.86842555 0.8299676  0.84402573
  0.8326228 ]
 [0.80090564 0.84575003 0.86842555 1.         0.805677   0.8646921
  0.83938783]
 [0.821068   0.8530046  0.8299676  0.805677   1.         0.81131935
  0.83544487]
 [0.8053356  0.82132363 0.84402573 0.8646921  0.81131935 1.
  0.8169113 ]
 [0.814831   0.8390215  0.8326228  0.83938783 0.83544487 0.8169113
  1.        ]]","[[1.         0.25244018 0.27547678 0.31493163 0.32585752 0.16299406
  0.17688031]
 [0.25244018 1.         0.74903744 0.26111478 0.36433992 0.23575895
  0.34774056]
 [0.27547678 0.74903744 1.         0.3588952  0.3091659  0.34252214
  0.29503962]
 [0.31493163 0.26111478 0.3588952  1.         0.09784611 0.5957513
  0.21521176]
 [0.32585752 0.36433992 0.3091659  0.09784611 1.         0.14737323
  0.328643  ]
 [0.16299406 0.23575895 0.34252214 0.5957513  0.14737323 1.
  0.24250562]
 [0.17688031 0.34774056 0.29503962 0.21521176 0.328643   0.24250562
  1.        ]]","[[1.         0.16460095 0.2182718  0.19863511 0.18912667 0.17319412
  0.22743598]
 [0.16460095 1.         0.53778357 0.25447587 0.35770854 0.21472526
  0.3267744 ]
 [0.2182718  0.53778357 1.         0.36671212 0.30088431 0.25661685
  0.35463283]
 [0.19863511 0.25447587 0.36671212 1.         0.14553499 0.39123671
  0.22176243]
 [0.18912667 0.35770854 0.30088431 0.14553499 1.         0.15864913
  0.33194032]
 [0.17319412 0.21472526 0.25661685 0.39123671 0.15864913 1.
  0.20011829]
 [0.22743598 0.3267744  0.35463283 0.22176243 0.33194032 0.20011829
  1.        ]]","[[1.         0.15714604 0.18019999 0.19704694 0.20623777 0.20467942
  0.19940831]
 [0.15714604 1.         0.58188697 0.32808882 0.41126968 0.23373371
  0.33973439]
 [0.18019999 0.58188697 1.         0.35404476 0.29280199 0.2585
  0.34157249]
 [0.19704694 0.32808882 0.35404476 1.         0.16166116 0.43610613
  0.26554951]
 [0.20623777 0.41126968 0.29280199 0.16166116 1.         0.19508748
  0.31455177]
 [0.20467942 0.23373371 0.2585     0.43610613 0.19508748 1.
  0.17754677]
 [0.19940831 0.33973439 0.34157249 0.26554951 0.31455177 0.17754677
  1.        ]]"
4,fcv19s_hossain_2022_anxiety,"[[1.         0.6965352  0.45095384 0.542122   0.52604115 0.33786455
  0.48640603]
 [0.6965352  1.         0.2417037  0.48296794 0.46893033 0.16845816
  0.2894139 ]
 [0.45095384 0.2417037  1.         0.4320428  0.4381719  0.4261293
  0.48113963]
 [0.542122   0.48296794 0.4320428  1.         0.5053565  0.33068874
  0.45627382]
 [0.52604115 0.46893033 0.4381719  0.5053565  1.         0.35870847
  0.4098965 ]
 [0.33786455 0.16845816 0.4261293  0.33068874 0.35870847 1.
  0.36303273]
 [0.48640603 0.2894139  0.48113963 0.45627382 0.4098965  0.36303273
  1.        ]]","[[1.         0.71099776 0.59208846 0.5295456  0.72059214 0.5149245
  0.6213168 ]
 [0.71099776 1.         0.40106148 0.4486291  0.57216674 0.36622116
  0.33783975]
 [0.59208846 0.40106148 1.         0.39748204 0.59516    0.60542655
  0.63616914]
 [0.5295456  0.4486291  0.39748204 1.         0.70885056 0.42895794
  0.42531624]
 [0.72059214 0.57216674 0.59516    0.70885056 1.         0.5878713
  0.6212812 ]
 [0.5149245  0.36622116 0.60542655 0.42895794 0.5878713  1.
  0.52716416]
 [0.6213168  0.33783975 0.63616914 0.42531624 0.6212812  0.52716416
  1.        ]]","[[1.         0.6864169  0.48860466 0.6179735  0.5830619  0.43576726
  0.55296946]
 [0.6864169  1.         0.4270601  0.61158437 0.512046   0.30360445
  0.4463164 ]
 [0.48860466 0.4270601  1.         0.39696023 0.44843575 0.6039103
  0.3867232 ]
 [0.6179735  0.61158437 0.39696023 1.         0.7629659  0.38956115
  0.47162664]
 [0.5830621  0.51204604 0.4484356  0.76296586 1.         0.4594003
  0.44027066]
 [0.43576726 0.30360436 0.6039101  0.3895614  0.4594003  1.
  0.32500908]
 [0.55296934 0.44631645 0.38672304 0.47162667 0.44027066 0.32500908
  1.        ]]","[[1.         0.9096251  0.85276705 0.85895085 0.8889844  0.8244612
  0.8934561 ]
 [0.9096251  1.         0.86728674 0.87754506 0.8909219  0.8330697
  0.8711844 ]
 [0.85276705 0.86728674 1.         0.84803057 0.8820243  0.8294176
  0.8704626 ]
 [0.85895085 0.87754506 0.84803057 1.         0.87263626 0.8228358
  0.85969055]
 [0.8889844  0.8909219  0.8820243  0.87263626 1.         0.8411407
  0.8857173 ]
 [0.8244612  0.8330697  0.8294176  0.8228358  0.8411407  1.
  0.8298449 ]
 [0.8934561  0.8711844  0.8704626  0.85969055 0.8857173  0.8298449
  1.        ]]","[[1.         0.5026715  0.34075674 0.39431605 0.51884186 0.22499369
  0.5864162 ]
 [0.5026715  1.         0.33324382 0.44419527 0.35921937 0.15180089
  0.40074724]
 [0.34075674 0.33324382 1.         0.30300075 0.44200045 0.40697935
  0.42330736]
 [0.39431605 0.44419527 0.30300075 1.         0.32693747 0.2957033
  0.30156976]
 [0.51884186 0.35921937 0.44200045 0.32693747 1.         0.30820605
  0.5266392 ]
 [0.22499369 0.15180089 0.40697935 0.2957033  0.30820605 1.
  0.37369367]
 [0.5864162  0.40074724 0.42330736 0.30156976 0.5266392  0.37369367
  1.        ]]","[[1.         0.59325325 0.50443755 0.41515117 0.48905073 0.47971384
  0.52291317]
 [0.59325325 1.         0.37203408 0.40146938 0.44305121 0.32951514
  0.36742915]
 [0.50443755 0.37203408 1.         0.35172179 0.50280697 0.5206474
  0.48111864]
 [0.41515117 0.40146938 0.35172179 1.         0.60436181 0.45749248
  0.32836437]
 [0.48905073 0.44305121 0.50280697 0.60436181 1.         0.48652566
  0.37310088]
